[gd_scene load_steps=2 format=3 uid="uid://boj36yt4xc2wm"]

[ext_resource type="PackedScene" uid="uid://cuyl71a6s5qsj" path="res://Assets/Packs/KayKit_Forest_Nature_Pack_1.0_FREE/Assets/fbx/Grass_2_D_Color1.fbx" id="1_l0npk"]

[node name="GrassBushel" type="Node3D"]
transform = Transform3D(0.78248864, 0, -0.62266487, 0, 1, 0, 0.62266487, 0, 0.78248864, 0, 0, 0)

[node name="Grass_2_D_Color3" parent="." instance=ExtResource("1_l0npk")]
transform = Transform3D(-0.509492, 0, -0.8604754, 0, 1, 0, 0.8604754, 0, -0.509492, 0.4974475, -0.30452806, -0.93238616)

[node name="Grass_2_D_Color4" parent="." instance=ExtResource("1_l0npk")]
transform = Transform3D(0.44006455, 0, -0.89796615, 0, 1, 0, 0.89796615, 0, 0.44006455, -0.5143237, -0.15226379, -0.3852781)

[node name="Grass_2_D_Color2" parent="." instance=ExtResource("1_l0npk")]
transform = Transform3D(0.5484684, 0, -0.83617127, 0, 1, 0, 0.83617127, 0, 0.5484684, 1.2178497, -0.30452806, -0.1695289)

[node name="Grass_2_D_Color1" parent="." instance=ExtResource("1_l0npk")]
transform = Transform3D(1, 0, 0, 0, 1, 0, 0, 0, 1, 0.28435516, -0.15226379, 0.50908816)

[node name="Grass_2_D_Color5" parent="." instance=ExtResource("1_l0npk")]
transform = Transform3D(0.09570685, 0, -0.9954096, 0, 1, 0, 0.9954096, 0, 0.09570685, -0.83210087, -0.30452806, 0.7435672)

[node name="Grass_2_D_Color6" parent="." instance=ExtResource("1_l0npk")]
transform = Transform3D(0.2616839, 0, -0.9651536, 0, 1, 0, 0.9651536, 0, 0.2616839, 1.6035535, -0.30452806, 0.64531875)
